slr	t	score	n	p	p.fdr	pBH	FC
NODE_100_length_80732_cov_39.012519_68	-0.24354884633611	-5.32442556405279	0.000516621217848636	1	0.000516621217848636	0.00139819503913163	0.00139819503913163	-4.48928
NODE_10033_length_2487_cov_4.811266_2	0.142898333500028	3.15153518529798	0.0120479400356008	1	0.0120479400356008	0.0175947639133774	0.0175947639133774	2.42538
NODE_1010_length_28714_cov_50.468021_16	-0.0591112160912258	-1.27301375277977	0.235634204283213	1	0.235634204283213	0.263303372210409	0.263303372210409	-1.11716666666667
NODE_101703_length_374_cov_1.902821_1	-0.216619265505477	-3.62238435299291	0.00576829754341603	1	0.00576829754341603	0.00955981896240298	0.00955981896240298	-3.96806333333333
NODE_1017061_length_481_cov_1.500000_1	-0.193969632007763	-4.03193123213507	0.00310841097723059	1	0.00310841097723059	0.00599334142668644	0.00599334142668644	-3.31350666666667
NODE_102_length_38513_cov_17.481356_19	0.269026164452996	5.85262343943294	0.000265699435631479	27	1.74728085385671e-43	5.15447851887731e-41	5.15447851887731e-41	4.94331148148148
NODE_1024163_length_269_cov_0.897196_1	-0.0227739601480144	-0.453349076163043	0.661276179797349	1	0.661276179797349	0.691760542695809	0.691760542695809	-0.353036666666668
NODE_1026_length_28395_cov_7.872336_5	0.244445579880686	5.46001495087965	0.000433962193687221	1	0.000433962193687221	0.00125508673664441	0.00125508673664441	4.20467333333333
NODE_103_length_38258_cov_14.684711_2	0.192739291627518	3.72590712980708	0.00492333102944501	3	7.24788901794805e-05	0.000381224351056409	0.000381224351056409	3.46421666666667
NODE_1031385_length_268_cov_1.352113_1	0.239259683433008	4.79660831193702	0.00104409089363993	1	0.00104409089363993	0.00242525050097464	0.00242525050097464	4.26852666666667
NODE_1047_length_8409_cov_4.561887_7	0.113147761280458	1.37221255067404	0.203978755263175	1	0.203978755263175	0.229670735887926	0.229670735887926	2.17526666666667
NODE_1051488_length_501_cov_1.322870_1	-0.136018701683915	-2.26228106413815	0.0506502907152847	1	0.0506502907152847	0.0638539989786709	0.0638539989786709	-2.38919333333333
NODE_1054466_length_500_cov_1.723596_2	-0.364508482716624	-7.35315265776143	4.87433652708487e-05	1	4.87433652708487e-05	0.000276524860671161	0.000276524860671161	-6.51265333333334
NODE_1059_length_27807_cov_11.604713_11	0.0108388151503549	0.195788210433358	0.84922502097119	1	0.84922502097119	0.86533786295626	0.86533786295626	0.177130000000002
NODE_10682_length_3411_cov_4.659714_2	0.142755353523962	2.88730671787725	0.0183897104390217	1	0.0183897104390217	0.0253456233800041	0.0253456233800041	2.55114666666667
NODE_1093315_length_390_cov_1.677612_1	-0.0156889001439081	-0.355259199262971	0.730766815779617	1	0.730766815779617	0.756407756684165	0.756407756684165	-0.340039999999998
NODE_1096_length_27003_cov_13.435394_2	-0.31919279538292	-6.93745710572679	7.59342155790308e-05	1	7.59342155790309e-05	0.000381224351056409	0.000381224351056409	-5.72332
NODE_1096167_length_489_cov_1.679724_2	0.292866307050026	6.23408396864976	0.0001682236580077	1	0.000168223658007701	0.000635333845879695	0.000635333845879695	5.31006333333333
NODE_10973_length_2198_cov_4.380775_1	-0.176663497767297	-3.08291507557285	0.0134390704039717	1	0.0134390704039717	0.0190602200440945	0.0190602200440945	-3.4781
NODE_1102058_length_460_cov_1.604938_1	0.304957654009844	6.791591896379	8.9121640538409e-05	1	8.91216405384089e-05	0.000419118815226212	0.000419118815226212	5.54469333333333
NODE_110654_length_1082_cov_1.540409_1	-0.156314061466788	-2.60324366514616	0.0291180049681077	1	0.0291180049681077	0.0381769398470746	0.0381769398470746	-2.80834333333333
NODE_111_length_69898_cov_49.514268_29	-0.255027999431251	-4.41968130240152	0.00176881438984363	1	0.00176881438984363	0.00380876091243701	0.00380876091243701	-4.76929
NODE_111186_length_404_cov_3.134670_2	-0.253240921081739	-5.43821564884429	0.000446221641005575	1	0.000446221641005575	0.00126572484708312	0.00126572484708312	-4.61943
NODE_1126875_length_260_cov_1.873171_1	0.242246414181251	4.83117306035235	0.000995850464732924	1	0.000995850464732923	0.00236916037980816	0.00236916037980816	4.34008333333333
NODE_1157523_length_473_cov_3.181818_1	0.162540109342225	2.17453375995019	0.0583763141407988	1	0.0583763141407988	0.0714564841142558	0.0714564841142558	3.11548333333333
NODE_1160415_length_378_cov_2.133127_1	-0.205943523265385	-4.30847750097752	0.00207464721550184	1	0.00207464721550184	0.00434057396151093	0.00434057396151093	-3.77816
NODE_117765_length_1064_cov_3.125867_1	-0.297624415435872	-5.32886371128086	0.00051366034836291	1	0.00051366034836291	0.00139819503913163	0.00139819503913163	-5.43699333333333
NODE_1179582_length_256_cov_1.432836_1	0.204739177574162	4.69216210339309	0.00120580452004799	1	0.00120580452004799	0.00273624871857044	0.00273624871857044	3.54980333333334
NODE_1196675_length_464_cov_2.200489_1	-0.276243327850849	-6.00458947191105	0.000220967837107016	1	0.000220967837107016	0.000759776899948325	0.000759776899948325	-4.97704
NODE_12_length_417279_cov_36.723393_147	-0.192158260339405	-4.35804070454341	0.0019318710936735	1	0.0019318710936735	0.00407072837595487	0.00407072837595487	-3.48062
NODE_12_length_417279_cov_36.723393_192	-0.298491464365785	-6.23967933250309	0.000167122797855097	1	0.000167122797855097	0.000635333845879695	0.000635333845879695	-5.38227666666667
NODE_12_length_417279_cov_36.723393_223	-0.173762801209507	-2.83317393631193	0.0200666849265025	1	0.0200666849265025	0.0270304659968869	0.0270304659968869	-3.02399
NODE_12_length_417279_cov_36.723393_34	-0.223611735924936	-4.10042993233555	0.00280933862349924	4	2.26569045444844e-06	2.67351473624916e-05	2.67351473624916e-05	-3.7553925
NODE_12_length_417279_cov_36.723393_87	-0.254480518774209	-5.39806847509836	0.000469794258516262	2	1.72841964713343e-05	0.000124361901440088	0.000124361901440088	-4.52707166666667
NODE_122_length_66535_cov_24.245412_42	-0.135224701524733	-2.84525073751604	0.0196794713649035	1	0.0196794713649035	0.0266304773057181	0.0266304773057181	-2.47086333333333
NODE_12302_length_734_cov_1.755523_1	0.159914245799543	3.55161483268338	0.00643297733278047	1	0.00643297733278047	0.0105004460972698	0.0105004460972698	2.85244333333333
NODE_124_length_66347_cov_34.362910_16	-0.292661155690272	-6.63979924188857	0.000105558767254976	1	0.000105558767254976	0.000464773676719669	0.000464773676719669	-5.35374666666667
NODE_1245987_length_359_cov_1.476974_1	-0.345707617214911	-7.26814615781196	5.32866612785686e-05	1	5.32866612785686e-05	0.00029659556749392	0.00029659556749392	-6.18386666666667
NODE_125_length_31678_cov_14.865984_18	0.17861955592916	3.29553369507106	0.00959321419749645	13	1.2198555590601e-11	2.5704099280195e-10	2.5704099280195e-10	3.24707897435897
NODE_1253700_length_427_cov_1.387097_1	0.104551022822209	1.51808076398622	0.164090169791834	1	0.164090169791834	0.186179231109966	0.186179231109966	1.73451666666667
NODE_1262635_length_356_cov_2.355482_1	0.121796269076077	2.15264579863504	0.0604762380912997	1	0.0604762380912997	0.0734176552960222	0.0734176552960222	2.02855
NODE_127253_length_854_cov_1.819775_1	-0.176841426669269	-3.76656279688505	0.00462817419677379	2	0.000533776542452885	0.00143149163657819	0.00143149163657819	-3.13448333333333
NODE_1277625_length_359_cov_1.309211_1	0.179000566669193	2.1619464781875	0.0595750960469445	1	0.0595750960469445	0.072622534437391	0.072622534437391	3.16835333333333
NODE_1296652_length_356_cov_1.578073_1	-0.24696172208778	-5.6395903549023	0.000345836235276528	1	0.000345836235276528	0.00107391252006922	0.00107391252006922	-4.35202
NODE_130_length_64212_cov_533.077716_22	-0.215266755315142	-4.38562713734718	0.00185699055398608	4	8.0567230591843e-07	1.18836665122968e-05	1.18836665122968e-05	-3.74905666666667
NODE_139441_length_521_cov_1.021459_1	-0.0428944391162747	-0.804813337018767	0.442141450348407	1	0.442141450348407	0.467497232447241	0.467497232447241	-0.844606666666667
NODE_140_length_58729_cov_15.400382_47	-0.225128764118126	-3.62913808248228	0.00570875996884368	1	0.00570875996884368	0.00955981896240298	0.00955981896240298	-3.93527333333333
NODE_1411020_length_240_cov_1.037838_1	-0.0852875013330641	-1.5753428980879	0.150418334853457	1	0.150418334853457	0.171989956518488	0.171989956518488	-1.57989333333333
NODE_1430202_length_338_cov_0.918728_1	-0.32799434655357	-7.475281205113	4.2943127824721e-05	1	4.2943127824721e-05	0.000248396523692014	0.000248396523692014	-5.99097666666667
NODE_144_length_58082_cov_15.232978_37	-0.237090074268014	-5.39110901396918	0.000474016225023017	1	0.000474016225023017	0.00131919609794142	0.00131919609794142	-4.33854333333333
NODE_144294_length_273_cov_0.880734_1	-0.144834661694507	-2.78990162401143	0.0215191871918156	1	0.0215191871918156	0.0288552737344801	0.0288552737344801	-2.51829666666667
NODE_144380_length_515_cov_1.917391_1	-0.0989331786635184	-2.2154875903009	0.0546366120662569	1	0.0546366120662569	0.0680075972976615	0.0680075972976615	-1.71291333333333
NODE_1450288_length_411_cov_1.980337_1	0.395478585472109	7.82352327346745	3.01762045839653e-05	1	3.01762045839653e-05	0.000197821785605995	0.000197821785605995	7.69229
NODE_145109_length_332_cov_1.574007_1	-0.154346914412164	-2.1773634994331	0.0581100714125681	1	0.0581100714125681	0.0714269627779483	0.0714269627779483	-2.73984333333333
NODE_146_length_55824_cov_14.301117_41	-0.203739994778271	-4.65652800721442	0.00126698470959462	2	7.65315966052149e-05	0.000381224351056409	0.000381224351056409	-3.61350333333333
NODE_148_length_26664_cov_17.077831_1	-0.293072179933588	-4.80791161741053	0.00102804394828864	1	0.00102804394828864	0.00240692829162817	0.00240692829162817	-5.19539666666666
NODE_148109_length_394_cov_1.421829_2	-0.103801856793182	-2.28797159164866	0.0485847014941351	1	0.0485847014941351	0.0615128194882826	0.0615128194882826	-1.87174
NODE_15_length_277354_cov_32.907490_192	-0.32428522870507	-6.19404628886172	0.0001763356866766	2	3.97499145575608e-06	3.90874159816015e-05	3.90874159816015e-05	-5.78804166666667
NODE_15_length_277354_cov_32.907490_228	-0.282710032394714	-6.35659833588794	0.000145829052532367	2	2.98948195107259e-06	3.23065095735505e-05	3.23065095735505e-05	-4.98664833333333
NODE_154222_length_802_cov_1.835341_1	-0.226896237666988	-4.99975008374953	0.000792640394025398	4	9.60108706223777e-08	1.49069509650534e-06	1.49069509650534e-06	-3.7448025
NODE_1544344_length_231_cov_1.619318_1	0.472673358693789	9.34642088679726	7.36050012946386e-06	1	7.36050012946387e-06	6.57984102482376e-05	6.57984102482376e-05	9.34238666666667
NODE_155_length_52976_cov_14.611837_11	-0.30439555943763	-6.49969960094956	0.000123707811398799	7	8.19459682793294e-15	2.68600673804469e-13	2.68600673804469e-13	-5.02799952380952
NODE_155_length_52976_cov_14.611837_4	-0.192215424883576	-3.75063750406236	0.00474149858068404	1	0.00474149858068404	0.0082278945958929	0.0082278945958929	-3.37280666666667
NODE_1581841_length_368_cov_1.840256_1	-0.236437549035434	-4.22950776870259	0.00232595609671866	1	0.00232595609671866	0.00469970581186305	0.00469970581186305	-4.26922666666666
NODE_1582938_length_368_cov_1.533546_1	-0.146138916225349	-3.17964244906269	0.0115220280806184	1	0.0115220280806184	0.0170803933858414	0.0170803933858414	-2.43867
NODE_162_length_47775_cov_39.301760_24	-0.139467579759769	-2.03235660950543	0.0733905116702492	1	0.0733905116702492	0.0883681671131572	0.0883681671131572	-2.40430333333333
NODE_1635681_length_311_cov_0.882812_1	0.279619168774934	5.55646950747636	0.000383938787375425	1	0.000383938787375425	0.00115573410485459	0.00115573410485459	5.02742333333333
NODE_1648180_length_358_cov_1.584158_2	-0.181580039129034	-3.76102182202468	0.00466727542624939	1	0.00466727542624939	0.00814701923516905	0.00814701923516905	-3.11449
NODE_1656697_length_308_cov_1.517787_1	-0.360406616252853	-6.90317274000792	7.88294420828507e-05	1	7.88294420828507e-05	0.000381224351056409	0.000381224351056409	-6.63780333333333
NODE_1660_length_18978_cov_8.600539_2	0.118083343180887	1.32153774473968	0.219667750025016	1	0.219667750025016	0.246395385009049	0.246395385009049	2.10252
NODE_1690_length_18757_cov_16.526040_11	0.226358415083612	4.7132241472321	0.00117114354121025	2	6.8016049172598e-05	0.000364813354653026	0.000364813354653026	4.02424
NODE_1697405_length_351_cov_0.864865_1	0.563376403911583	10.8733299516672	2.14249716566168e-06	1	2.14249716566168e-06	2.63348609945915e-05	2.63348609945915e-05	10.9302766666667
NODE_1701006_length_221_cov_1.156627_1	-0.277888529927723	-6.38604576612787	0.000140945880192639	1	0.000140945880192639	0.000561878846713901	0.000561878846713901	-5.01193
NODE_170675_length_490_cov_1.839080_1	-0.112810024603075	-2.46964510746424	0.0361744920304534	1	0.0361744920304534	0.0463977180390598	0.0463977180390598	-1.97200333333333
NODE_1706799_length_303_cov_1.157258_1	-0.0481400229692316	-1.03131558765952	0.329920689722211	1	0.329920689722211	0.35520658200019	0.35520658200019	-0.996766666666666
NODE_1751628_length_343_cov_1.406250_1	-0.169634442077118	-3.16081754455133	0.0118715579564592	1	0.0118715579564592	0.0174234308316193	0.0174234308316193	-3.16368666666667
NODE_1791979_length_354_cov_2.157191_1	-0.32580052870572	-5.56239335396408	0.000381077611297435	1	0.000381077611297435	0.00115573410485459	0.00115573410485459	-5.95245666666667
NODE_1798376_length_292_cov_1.113924_1	-0.189370309846204	-3.819447865998	0.00427195253334667	1	0.00427195253334667	0.00763773331719557	0.00763773331719557	-3.34535333333333
NODE_1802108_length_353_cov_1.221477_1	-0.183840311983561	-3.86272548963454	0.00400205844620943	1	0.00400205844620943	0.00719882464409624	0.00719882464409624	-3.21707666666667
NODE_180867_length_260_cov_0.936585_1	0.0880784331199541	1.10594060754275	0.298087273276107	1	0.298087273276107	0.326898682589039	0.326898682589039	1.42626666666667
NODE_1838901_length_288_cov_1.236052_1	0.0989431681526988	2.20572387812189	0.0555063421830655	1	0.0555063421830655	0.0687998779159845	0.0687998779159845	1.74667333333333
NODE_185540_length_760_cov_2.272340_1	-0.178854213060451	-3.60583573026495	0.00591696400113837	1	0.00591696400113837	0.00975142111919452	0.00975142111919452	-3.08756
NODE_187_length_41794_cov_24.545653_18	-0.0772099161152709	-1.5978628131282	0.145327039064642	3	0.0572212457514684	0.0706287342957455	0.0706287342957455	-0.270984444444445
NODE_1876737_length_210_cov_0.612903_1	-0.231247559407576	-4.94735013442478	0.000850539248510807	1	0.000850539248510807	0.00208734426000563	0.00208734426000563	-4.09
NODE_187728_length_938_cov_2.772367_1	0.171626827857544	3.29131528676465	0.00965716739758296	1	0.00965716739758297	0.014609560934805	0.014609560934805	2.88457666666667
NODE_1880605_length_209_cov_1.805195_1	-0.258294094679825	-3.39063430750445	0.00826289714487643	1	0.00826289714487643	0.0128971145912092	0.0128971145912092	-4.83284
NODE_1884746_length_282_cov_1.691630_1	0.244648296050559	3.49194527520241	0.00705594390179217	1	0.00705594390179217	0.0111908787689714	0.0111908787689714	4.52048333333333
NODE_188745_length_260_cov_0.936585_1	0.231569466227217	4.94246528542279	0.000856164933765022	1	0.000856164933765022	0.00208734426000563	0.00208734426000563	4.14566
NODE_1898847_length_281_cov_2.123894_1	-0.0162419249554899	-0.322144834878719	0.754868856597014	1	0.754868856597014	0.778623470965451	0.778623470965451	-0.27617
NODE_19_length_93630_cov_16.507133_74	0.293201685152238	6.74224367770034	9.41354249572845e-05	5	8.34061234849106e-12	1.8926774175422e-10	1.8926774175422e-10	4.40163866666667
NODE_1910104_length_280_cov_0.853333_1	-0.252883559370932	-3.10556334087019	0.012962408885402	1	0.012962408885402	0.0187814142566308	0.0187814142566308	-4.64593
NODE_1946481_length_277_cov_1.292793_1	0.136541276123477	2.92507733646393	0.0173052715116633	1	0.0173052715116633	0.0241945739144108	0.0241945739144108	2.45782
NODE_1948_length_16673_cov_4.612408_11	-0.00317673768146598	-0.0658023701696775	0.949006742764027	1	0.949006742764027	0.949006742764027	0.949006742764027	-0.109860000000001
NODE_1959136_length_315_cov_1.846154_1	-0.263705943115268	-4.15169021315291	0.00260564369867731	1	0.00260564369867731	0.00509049596761462	0.00509049596761462	-4.88930333333333
NODE_196417_length_352_cov_1.292929_1	0.230939457993948	5.10754137061002	0.000686486396740122	1	0.000686486396740122	0.00177643409682751	0.00177643409682751	4.00733666666667
NODE_1975501_length_274_cov_1.095890_1	-0.148684838854774	-3.1043340909529	0.012987825452043	1	0.012987825452043	0.0187814142566308	0.0187814142566308	-2.65874
NODE_2_length_633876_cov_395.559562_267	-0.0959853923746842	-1.59199963645755	0.146637446712484	1	0.146637446712484	0.168319248171917	0.168319248171917	-1.89067
NODE_2007100_length_271_cov_1.763889_1	0.00515781820230141	0.0996756691588348	0.922836980429794	1	0.922836980429794	0.929136208965151	0.929136208965151	0.0253166666666651
NODE_202_length_38951_cov_23.099753_19	-0.162349106580267	-3.49713598371531	0.00699931646248126	2	0.000992015062877674	0.00236916037980816	0.00236916037980816	-2.814565
NODE_2021959_length_323_cov_0.694030_1	-0.179425729057376	-3.48740590389059	0.00710585977206216	2	0.00101471907630661	0.0023947370200836	0.0023947370200836	-3.08441833333333
NODE_2029857_length_306_cov_2.294821_1	0.112682315882543	2.37587073384049	0.0421266741074976	1	0.0421266741074976	0.053798133600484	0.053798133600484	2.21339333333333
NODE_2051856_length_304_cov_1.140562_1	-0.122278307070732	-2.26515820251207	0.050414731477445	2	0.0189236609397659	0.0258448147094025	0.0258448147094025	-2.30538333333333
NODE_2054766_length_267_cov_1.811321_1	-0.20649385437943	-3.79346207512697	0.00444321567070421	1	0.00444321567070421	0.00789607604131169	0.00789607604131169	-3.48842
NODE_2092701_length_264_cov_2.296651_1	-0.27358137413589	-5.53246072484963	0.000395776063619051	1	0.000395776063619051	0.00117814702471263	0.00117814702471263	-4.8183
NODE_21_length_231770_cov_67.560775_179	-0.0781142748966266	-1.79353776655547	0.107255053803651	3	0.0320432912364323	0.0414595215559102	0.0414595215559102	-1.65074666666667
NODE_21_length_86002_cov_17.429323_33	0.211257687703625	4.63792327132024	0.00130024657914222	3	5.06752699892636e-06	4.82232407962347e-05	4.82232407962347e-05	3.89744777777778
NODE_211_length_36337_cov_21.506670_5	-0.018333873481781	-0.404807070903382	0.695288606595369	6	0.850671119516324	0.86533786295626	0.86533786295626	-0.608270555555555
NODE_2179863_length_258_cov_0.945813_1	0.219229373155842	2.5608988689548	0.0311904070519548	1	0.0311904070519548	0.0405337889001174	0.0405337889001174	4.35957
NODE_220_length_34293_cov_52.307728_11	-0.189513375208646	-3.97689474719254	0.00337322676696308	2	0.000332259327724244	0.00104272874126226	0.00104272874126226	-3.42217833333333
NODE_220923_length_248_cov_2.606218_1	0.0197237162238908	0.290012188001322	0.778528701571725	1	0.778528701571725	0.800229850047592	0.800229850047592	0.203860000000002
NODE_222718_length_336_cov_0.889680_1	-0.313236986466877	-6.53319077188041	0.000119078257456621	1	0.000119078257456621	0.000487890082634768	0.000487890082634768	-5.58088666666666
NODE_2230561_length_254_cov_0.964824_1	-0.175126883289412	-3.64710763146317	0.00555348125912828	1	0.00555348125912828	0.00941538489334967	0.00941538489334967	-2.96346666666667
NODE_22532_length_851_cov_2.295226_1	-0.291550394296633	-6.67033777829162	0.000102002366889726	1	0.000102002366889726	0.000455919670188926	0.000455919670188926	-5.00752333333333
NODE_2256013_length_252_cov_1.512690_1	-0.194076105654668	-4.16933913110629	0.00253920516823508	1	0.00253920516823508	0.00502728540019697	0.00502728540019697	-3.41461333333333
NODE_2258032_length_252_cov_0.974619_2	0.311309879228086	5.52532173361105	0.000399371872783944	1	0.000399371872783944	0.00117814702471263	0.00117814702471263	5.69676666666667
NODE_2272611_length_251_cov_1.224490_1	-0.289407965218764	-5.24220464234984	0.0005749562425647	1	0.0005749562425647	0.00151439367461238	0.00151439367461238	-5.11993333333334
NODE_2278495_length_250_cov_2.461538_1	0.115435434403055	2.30407645686521	0.0473323736163874	1	0.0473323736163875	0.0601855612794582	0.0601855612794582	2.39858
NODE_2296796_length_249_cov_1.659794_1	0.294812956851838	6.2162057416885	0.000171794494030648	1	0.000171794494030648	0.000635333845879695	0.000635333845879695	5.27257333333333
NODE_2316025_length_248_cov_0.994819_1	-0.152509482528352	-3.50907918370966	0.00687082750693605	1	0.00687082750693605	0.0110157288834029	0.0110157288834029	-2.68211333333333
NODE_233680_length_239_cov_0.994565_1	0.245575144180378	5.19778896963704	0.000609405921753067	1	0.000609405921753067	0.00159092696386863	0.00159092696386863	4.3589
NODE_2349092_length_245_cov_2.652632_1	0.371330879365014	7.58333382529323	3.84394031274801e-05	1	3.843940312748e-05	0.000231420896379727	0.000231420896379727	7.01738
NODE_2382700_length_243_cov_2.042553_1	-0.25445961569281	-5.83925375484486	0.000270083225661118	1	0.000270083225661118	0.000885272795222555	0.000885272795222555	-4.42221333333333
NODE_2386257_length_243_cov_1.414894_1	-0.167967101539875	-3.62573793581477	0.00573865264932173	1	0.00573865264932173	0.00955981896240298	0.00955981896240298	-2.97703
NODE_2397391_length_242_cov_1.957219_1	-0.244131655429195	-5.59223819968837	0.000367010710884996	1	0.000367010710884996	0.00112779333032369	0.00112779333032369	-4.45520333333333
NODE_24_length_224501_cov_34.530658_114	-0.231112261752301	-3.80895010100887	0.00434028290440837	4	6.71075418761144e-06	6.18647651670429e-05	6.18647651670429e-05	-4.12229
NODE_24_length_224501_cov_34.530658_29	-0.190535822048317	-3.06323308404146	0.0138680191197323	2	0.00276092986734508	0.00535838362412367	0.00535838362412367	-3.52124166666667
NODE_24_length_224501_cov_34.530658_50	-0.199897798440591	-4.20960020305001	0.00239431453964834	2	0.000198750606454678	0.000706402757881086	0.000706402757881086	-3.5525
NODE_2403256_length_242_cov_1.074866_1	0.388744173894933	8.57117249316519	1.47182647598262e-05	1	1.47182647598262e-05	0.000111330464208942	0.000111330464208942	7.28269
NODE_241_length_28746_cov_36.825590_3	-0.28010575268958	-6.19756817686119	0.00017560526500061	17	3.85543699175468e-30	5.68676956283816e-28	5.68676956283816e-28	-5.8509537254902
NODE_2411494_length_241_cov_2.064516_1	-0.179074548346589	-1.80438247860237	0.105441976401811	1	0.105441976401811	0.123925828838782	0.123925828838782	-3.65828
NODE_242_length_28573_cov_16.369556_18	-0.25904618369192	-5.3543975270231	0.000496979094150306	11	6.94617159117501e-18	3.41520103232771e-16	3.41520103232771e-16	-4.76614181818182
NODE_246086_length_234_cov_0.905028_1	0.394128996789942	8.11295687339673	2.27129230635892e-05	1	2.27129230635892e-05	0.000159531245327591	0.000159531245327591	7.23655333333334
NODE_2466522_length_260_cov_1.404878_1	0.173550433122085	3.50423330054114	0.00692266002141932	1	0.00692266002141932	0.0110388362503713	0.0110388362503713	3.09723
NODE_254237_length_691_cov_1.176101_1	0.207782721652789	4.71540696203886	0.0011676131646248	1	0.0011676131646248	0.00267012312840556	0.00267012312840556	3.56681666666666
NODE_255212_length_245_cov_1.010526_1	-0.151737923010064	-3.47921369303668	0.00719688307165208	1	0.00719688307165208	0.0113533716905741	0.0113533716905741	-2.57923
NODE_255356_length_241_cov_2.064516_1	-0.312280609915112	-5.77264676166069	0.000293128638750593	1	0.000293128638750593	0.000939923352515488	0.000939923352515488	-5.58284666666667
NODE_25910_length_1502_cov_1.716655_1	-0.258101434613089	-5.03852416098323	0.000752541704121566	1	0.000752541704121566	0.00191301685801161	0.00191301685801161	-4.98555
NODE_26_length_78125_cov_16.771538_10	0.288018553628128	5.87828134065962	0.000257501870889937	12	4.15455108602287e-21	2.50411736568887e-19	2.50411736568887e-19	6.1085975
NODE_26_length_78125_cov_16.771538_13	0.316655728601323	7.17687962223702	5.86878412154334e-05	3	1.03323838468981e-08	1.79297249107938e-07	1.79297249107938e-07	4.38713333333333
NODE_2614_length_9376_cov_3.956121_2	-0.301903151902611	-6.94233108396108	7.55321652565242e-05	1	7.55321652565242e-05	0.000381224351056409	0.000381224351056409	-5.59286
NODE_261668_length_316_cov_1.103448_1	0.0505519461174365	0.83557004850916	0.425515345316159	2	0.405515136613068	0.43343103369875	0.43343103369875	0.849885
NODE_263721_length_239_cov_1.565217_1	-0.169290167043804	-3.86618950276868	0.00398125106871224	1	0.00398125106871224	0.00719882464409624	0.00719882464409624	-2.87398333333334
NODE_2652_length_3742_cov_4.503390_1	-0.259252669415295	-3.97698435597405	0.00337277660774761	1	0.00337277660774761	0.00637800704670221	0.00637800704670221	-4.87427
NODE_2670112_length_243_cov_1.143617_1	0.379263544740844	7.93281275898429	2.70807106496444e-05	1	2.70807106496444e-05	0.000185786270735933	0.000185786270735933	7.13041333333333
NODE_2671834_length_253_cov_0.969697_1	-0.0475952323728685	-1.05829782875224	0.318121588307878	1	0.318121588307878	0.3450215755545	0.3450215755545	-0.975856666666665
NODE_269018_length_679_cov_1.200321_1	-0.258806882299663	-3.69992285716357	0.00512234180007021	1	0.00512234180007021	0.00873462908104458	0.00873462908104458	-4.77893666666666
NODE_270_length_24449_cov_38.677585_8	-0.295534129164719	-6.21461686434033	0.000172115822330508	1	0.000172115822330508	0.000635333845879695	0.000635333845879695	-5.41594666666667
NODE_2709186_length_240_cov_1.037838_1	0.270249730400772	6.00261184079962	0.0002214942826968	1	0.0002214942826968	0.000759776899948325	0.000759776899948325	4.95876333333333
NODE_2765994_length_245_cov_1.010526_1	0.301920256578004	5.79795801990026	0.000284128361289357	1	0.000284128361289357	0.000921075456927037	0.000921075456927037	5.46687
NODE_276952_length_424_cov_1.560976_1	0.378300656849714	7.66571269545315	3.53542603592661e-05	1	3.53542603592662e-05	0.00022280240384228	0.00022280240384228	7.00494333333333
NODE_2792538_length_217_cov_1.185185_1	0.166688857659619	2.85162279499143	0.0194782549105817	1	0.0194782549105817	0.0264796552931872	0.0264796552931872	3.0515
NODE_28_length_74638_cov_15.378183_53	0.191481498890204	4.24066472524795	0.00228855941143497	4	1.35780866867178e-06	1.82069798753716e-05	1.82069798753716e-05	3.18687666666667
NODE_283400_length_826_cov_1.923476_2	0.394090645133022	8.50303186320298	1.56804144873849e-05	1	1.56804144873849e-05	0.000115643056844464	0.000115643056844464	7.54930666666667
NODE_2876286_length_211_cov_3.282051_1	-0.242303999150605	-3.73797688382555	0.00483368352737053	1	0.00483368352737053	0.00833881076359244	0.00833881076359244	-4.50981666666667
NODE_2876360_length_211_cov_2.461538_1	-0.185611445743557	-3.93903387477473	0.0035692582943828	1	0.0035692582943828	0.00662220878517563	0.00662220878517563	-3.25071
NODE_2876648_length_211_cov_2.448718_1	-0.237266694877389	-5.01717202037054	0.000774344796453998	1	0.000774344796453998	0.00193586199113499	0.00193586199113499	-4.28500333333333
NODE_2904353_length_234_cov_1.072626_1	0.104483241540268	1.76153387483019	0.112776065023813	1	0.112776065023813	0.13201959992867	0.13201959992867	1.86528
NODE_29164_length_1376_cov_4.970477_1	-0.151734426924942	-3.30584846905977	0.00943869034418864	1	0.00943869034418864	0.0143526476883281	0.0143526476883281	-2.53893
NODE_2959812_length_220_cov_2.151515_1	0.265167507356848	3.24653820717012	0.0103640509388458	1	0.0103640509388458	0.0155989542191812	0.0155989542191812	5.03398666666667
NODE_2999684_length_226_cov_1.631579_1	0.216054951843198	4.29402891792125	0.00211836364656353	1	0.00211836364656353	0.00437005087927442	0.00437005087927442	3.84107
NODE_3_length_629679_cov_503.153587_180	-0.28673085297754	-3.43568148705293	0.00770151338913475	1	0.00770151338913475	0.0120848215414614	0.0120848215414614	-4.97056
NODE_3_length_629679_cov_503.153587_84	-0.226064001965556	-4.23413397447561	0.00231037103601287	1	0.00231037103601287	0.00469970581186305	0.00469970581186305	-3.84800666666667
NODE_30_length_73332_cov_16.410333_40	0.160491868525725	2.70778779586527	0.0245770954367666	2	0.00649256672959736	0.0105236658529188	0.0105236658529188	2.70401333333333
NODE_30127_length_1035_cov_3.306122_2	-0.110383756506744	-2.51552564433064	0.0335760334733844	1	0.0335760334733844	0.0432529688849275	0.0432529688849275	-1.86029666666667
NODE_304690_length_652_cov_1.197655_1	0.0200508022566532	0.447393981785663	0.665406768761817	1	0.665406768761817	0.693621896765852	0.693621896765852	0.434583333333332
NODE_3064788_length_212_cov_1.783439_1	0.249078965981158	5.73718071163049	0.00030626568293439	1	0.00030626568293439	0.00097148791898543	0.00097148791898543	4.58139
NODE_3085729_length_118_cov_25.968254_1	0.345730556466977	6.5789878238448	0.00011305154297518	1	0.00011305154297518	0.000485569105726992	0.000485569105726992	6.42628666666667
NODE_3089906_length_219_cov_1.170732_1	-0.144919749079501	-2.88452662197116	0.0184722339888166	1	0.0184722339888166	0.0253456233800041	0.0253456233800041	-2.51553333333333
NODE_309934_length_220_cov_1.418182_1	-0.171032322820519	-3.55064301960025	0.00644264658849438	1	0.00644264658849438	0.0105004460972698	0.0105004460972698	-2.97020333333333
NODE_31158_length_1444_cov_2.221022_1	-0.0669961688249091	-1.83861400379289	0.0999048739461389	2	0.0519713637441933	0.0649642046802417	0.0649642046802417	-1.185015
NODE_3132_length_10470_cov_5.679405_12	0.146057613763384	2.58040049040905	0.030218131527831	1	0.030218131527831	0.0394440212420803	0.0394440212420803	2.54708333333333
NODE_331268_length_839_cov_2.011480_1	-0.219633184096527	-4.97784060156875	0.000816314159476706	1	0.000816314159476706	0.0020236359415599	0.0020236359415599	-3.82839666666667
NODE_33481_length_411_cov_1.227528_1	-0.00719653109463921	-0.162251455658877	0.874774562548768	1	0.874774562548768	0.883761972437967	0.883761972437967	-0.132876666666668
NODE_337615_length_630_cov_1.290435_1	-0.152358047103375	-3.08464310544824	0.0134020708466615	1	0.0134020708466615	0.0190602200440945	0.0190602200440945	-2.65583333333333
NODE_33856_length_868_cov_1.458795_1	-0.324798676427455	-6.15041515902585	0.000185664803743929	1	0.000185664803743929	0.000667940452493402	0.000667940452493402	-5.85972666666666
NODE_342_length_13143_cov_16.726925_2	0.220905068945408	4.56211346683393	0.00144581042697247	11	4.19389476628651e-15	1.54649869506815e-13	1.54649869506815e-13	4.49937727272727
NODE_346141_length_227_cov_1.116279_1	-0.2696804445093	-6.21373759443126	0.000172293924306358	1	0.000172293924306358	0.000635333845879695	0.000635333845879695	-4.79607
NODE_349730_length_285_cov_1.130435_1	-0.10651980696879	-1.54835524688143	0.156729882956802	1	0.156729882956802	0.178514731553114	0.178514731553114	-1.88509333333333
NODE_35_length_175635_cov_72.874963_115	-0.189236175480048	-2.71004023517055	0.0244875848345756	1	0.0244875848345756	0.0326870476298634	0.0326870476298634	-3.21739333333333
NODE_35_length_67532_cov_15.706908_44	0.243402286268134	5.46381155718707	0.000431864682465376	4	2.10458792222286e-08	3.4491857614208e-07	3.4491857614208e-07	5.21765166666666
NODE_350715_length_620_cov_1.373451_1	-0.352723748730498	-7.66172045839647	3.54973321375836e-05	1	3.54973321375836e-05	0.00022280240384228	0.00022280240384228	-6.37461333333333
NODE_362_length_12530_cov_15.571062_6	0.274019790198307	5.06118578210381	0.000730124991321632	9	2.60795057948052e-14	7.69345420946754e-13	7.69345420946754e-13	4.18672666666667
NODE_366_length_32988_cov_63.537090_2	-0.110407537171069	-2.0782411012363	0.0681775719693423	1	0.0681775719693423	0.082427802176049	0.082427802176049	-1.86686666666667
NODE_366327_length_389_cov_1.038922_2	0.407522014448403	9.19785115303166	8.37422144888447e-06	1	8.37422144888447e-06	7.26586861006152e-05	7.26586861006152e-05	7.56666666666667
NODE_3677_length_9021_cov_5.298349_9	-0.301530106453002	-6.71159482485445	9.74043074444853e-05	1	9.74043074444852e-05	0.000448972979626924	0.000448972979626924	-5.27289666666667
NODE_37_length_172616_cov_483.367203_54	-0.207774410527203	-4.38363024406923	0.00186230518517807	6	5.17268846313532e-09	9.53714435390574e-08	9.53714435390574e-08	-3.67977611111111
NODE_3717_length_6643_cov_4.671372_6	0.358514489771369	7.51391057929697	4.12697057175521e-05	1	4.12697057175521e-05	0.000243491263733557	0.000243491263733557	6.73990666666667
NODE_37231_length_1132_cov_2.571959_1	0.0537694611128066	0.676803341986476	0.515935980387626	1	0.515935980387626	0.543575407908392	0.543575407908392	0.933720000000001
NODE_378946_length_603_cov_1.839416_1	0.278194585913529	5.28187433919283	0.000545966426819289	1	0.000545966426819289	0.00145099185506027	0.00145099185506027	5.02119
NODE_383034_length_277_cov_1.729730_1	-0.146082338905979	-3.16901877398213	0.0117179486826976	1	0.0117179486826976	0.017283974306979	0.017283974306979	-2.52998666666667
NODE_393508_length_275_cov_1.950000_1	-0.0550856907924523	-1.14953331450682	0.280637674503506	1	0.280637674503506	0.311233511197498	0.311233511197498	-0.960856666666665
NODE_395_length_30142_cov_63.545518_27	-0.0383881128462322	-0.868091400512369	0.408408548709382	1	0.408408548709382	0.434947732380028	0.434947732380028	-0.644356666666667
NODE_4_length_617060_cov_345.550545_115	0.239951764992757	5.44455700538741	0.000442617094283932	1	0.000442617094283932	0.00126572484708312	0.00126572484708312	4.27305333333333
NODE_40_length_155359_cov_14.257051_66	-0.285699559392429	-6.34199307967723	0.000148319305373303	2	3.06638056969293e-06	3.23065095735505e-05	3.23065095735505e-05	-5.17731
NODE_40_length_155359_cov_14.257051_91	-0.380880021591733	-6.57491476616732	0.000113573790831059	1	0.000113573790831059	0.000485569105726992	0.000485569105726992	-6.95784
NODE_42_length_62050_cov_15.674877_23	0.259853160062274	5.90218687961187	0.000250111531808962	1	0.000250111531808962	0.000838442066859588	0.000838442066859588	4.65073666666667
NODE_42591_length_1350_cov_2.210811_1	-0.0343783683621576	-0.526205535205927	0.611756154907379	1	0.611756154907379	0.642235109244401	0.642235109244401	-0.625410000000002
NODE_42751_length_968_cov_2.711939_1	0.205574566480287	3.63370942196262	0.00566882898243039	1	0.00566882898243039	0.00955602599895408	0.00955602599895408	3.70546666666667
NODE_431863_length_265_cov_1.338095_1	0.199467866674896	4.17399404834206	0.00252198475843106	1	0.00252198475843106	0.00502692907930516	0.00502692907930516	3.71496
NODE_44707_length_687_cov_3.037975_1	-0.0481400229692316	-1.03131558765952	0.329920689722211	1	0.329920689722211	0.35520658200019	0.35520658200019	-0.996766666666666
NODE_458458_length_362_cov_1.563518_1	-0.113668521266094	-2.50974295425898	0.0338929525289889	2	0.0104844858168531	0.0157001183551861	0.0157001183551861	-1.92388833333333
NODE_459269_length_207_cov_1.138158_1	-0.207656469753181	-3.10004619750393	0.013076888559432	1	0.013076888559432	0.0188179615855241	0.0188179615855241	-4.02783
NODE_46937_length_888_cov_2.193277_1	-0.0790840282341066	-1.2624000250024	0.239252779259853	1	0.239252779259853	0.266337999553421	0.266337999553421	-1.28069
NODE_47_length_142990_cov_39.043264_35	-0.331603235671855	-7.09558380920591	6.40073440312895e-05	2	8.69331117957194e-07	1.22120323713034e-05	1.22120323713034e-05	-6.015105
NODE_479545_length_556_cov_2.001996_1	0.0444917844908084	0.85244307740619	0.416578981233594	1	0.416578981233594	0.442053235481692	0.442053235481692	0.852600000000002
NODE_48_length_142924_cov_15.577501_98	-0.262647679211325	-5.70206971891799	0.000319904407551539	2	9.71264480262442e-06	7.54007951782685e-05	7.54007951782685e-05	-4.63027
NODE_487654_length_355_cov_1.280000_1	-0.23086536062693	-5.07348857286907	0.000718258295189002	1	0.000718258295189002	0.00184248867026744	0.00184248867026744	-4.08457333333333
NODE_488812_length_256_cov_1.189055_1	-0.12043240420451	-1.90467575788766	0.0899818679623489	1	0.0899818679623489	0.106178604195572	0.106178604195572	-2.20552333333333
NODE_498373_length_670_cov_3.172358_1	0.136240562034587	2.61430359763463	0.0285999605451065	1	0.0285999605451065	0.0376651266107429	0.0376651266107429	2.37350333333333
NODE_5_length_528796_cov_554.483134_310	-0.218314040991188	-4.7485454434446	0.00111540054251533	1	0.00111540054251533	0.00257064968782831	0.00257064968782831	-3.90352
NODE_504724_length_713_cov_1.840426_1	-0.301776965859964	-5.94996592651023	0.000236023516882672	1	0.000236023516882672	0.000800309626211358	0.000800309626211358	-5.43447333333334
NODE_512822_length_349_cov_1.571429_2	-0.222746136405516	-5.0324045494314	0.000758721940296132	1	0.000758721940296132	0.00191301685801161	0.00191301685801161	-3.93027333333333
NODE_52_length_58598_cov_16.124746_45	0.359369103992736	6.97448310762702	7.29377037313193e-05	10	4.24426672150656e-21	2.50411736568887e-19	2.50411736568887e-19	6.20962966666667
NODE_528805_length_699_cov_2.231366_1	-0.184523220790786	-3.34779167841708	0.00883660835539658	1	0.00883660835539658	0.013577080546052	0.013577080546052	-3.29380333333333
NODE_53_length_133033_cov_15.924378_30	-0.277505720519403	-5.53632610366503	0.000393843809933833	8	3.15854982195193e-14	8.47065634068928e-13	8.47065634068928e-13	-4.225425
NODE_53_length_133033_cov_15.924378_35	-0.312130229140487	-6.17912624233304	0.000179467010321647	7	3.62927172161098e-14	8.92195964896031e-13	8.92195964896031e-13	-5.24373047619048
NODE_53070_length_789_cov_3.461853_3	-0.130919112118126	-2.93926326235671	0.0169151319442966	2	0.00371574369391485	0.00680835024661417	0.00680835024661417	-2.34675666666667
NODE_538265_length_249_cov_0.989691_1	-0.146350977380942	-3.37824515346587	0.00842468526628944	1	0.00842468526628944	0.0130804323871336	0.0130804323871336	-2.64301
NODE_538958_length_527_cov_2.881356_1	0.307006480579357	6.53576946925421	0.000118729734143007	1	0.000118729734143007	0.000487890082634768	0.000487890082634768	5.59753333333333
NODE_552_length_22274_cov_12.172015_2	0.0472983218284056	1.02674115621494	0.331953774255892	1	0.331953774255892	0.356095866929048	0.356095866929048	0.876426666666667
NODE_559800_length_682_cov_2.381180_1	0.0127235810591323	0.233783851217229	0.820504052237377	1	0.820504052237377	0.840446859062591	0.840446859062591	0.227073333333333
NODE_57_length_128647_cov_31.518975_25	-0.241918685540926	-4.58177025944442	0.00140645803087572	2	8.95067300313606e-05	0.000419118815226212	0.000419118815226212	-4.27211833333333
NODE_58_length_125887_cov_31.064507_47	-0.250250686431012	-4.90271671209212	0.00090346300979308	3	2.4472613351233e-06	2.77670036100529e-05	2.77670036100529e-05	-4.42314888888889
NODE_59_length_124764_cov_27.570993_16	-0.243159643845801	-5.34370762982553	0.000503890239073518	1	0.000503890239073518	0.00138923009838026	0.00138923009838026	-4.37612666666667
NODE_592973_length_665_cov_2.459016_1	-0.242374108598436	-5.48179636243155	0.000422077016071151	1	0.000422077016071152	0.00123279920535633	0.00123279920535633	-4.26160333333333
NODE_594337_length_242_cov_1.026738_1	-0.263141917242863	-6.00467560804014	0.000220944938674115	1	0.000220944938674115	0.000759776899948325	0.000759776899948325	-4.76264333333333
NODE_594986_length_242_cov_1.016043_1	-0.00719653109463921	-0.162251455658877	0.874774562548768	1	0.874774562548768	0.883761972437967	0.883761972437967	-0.132876666666668
NODE_60_length_55756_cov_16.462505_7	0.144055836520101	3.31117607621464	0.00935989733166207	1	0.00935989733166208	0.0143065788230068	0.0143065788230068	2.46767666666667
NODE_603540_length_503_cov_3.180804_2	-0.22960660300005	-4.22281600370228	0.00234869873871971	1	0.00234869873871971	0.0047133750198797	0.0047133750198797	-4.23123666666666
NODE_62_length_55487_cov_16.392625_18	0.281438659761827	5.74219204720646	0.000304371180859954	2	9.01393639200899e-06	7.27018707172266e-05	7.27018707172266e-05	4.96115333333333
NODE_62_length_55487_cov_16.392625_32	0.275388684803319	5.62243118452419	0.00035335184973484	5	4.40952582777546e-10	8.67206746129174e-09	8.67206746129174e-09	5.31463933333333
NODE_624254_length_650_cov_2.759664_1	0.252049178551917	3.95121839391843	0.00350488242418293	1	0.00350488242418293	0.00654392604515168	0.00654392604515168	4.56793666666666
NODE_633641_length_324_cov_2.122677_1	0.471527875013169	10.3010502354357	3.34006665343227e-06	1	3.34006665343227e-06	3.39765400952593e-05	3.39765400952593e-05	8.75649666666667
NODE_634882_length_244_cov_10.111111_1	-0.0944295447618047	-2.01457845642073	0.0755115625786717	1	0.0755115625786717	0.0905524835801145	0.0905524835801145	-1.66378666666667
NODE_64804_length_490_cov_2.025287_1	-0.277896780251437	-6.23191969203956	0.000168651589528372	1	0.000168651589528372	0.000635333845879695	0.000635333845879695	-4.89881333333333
NODE_65_length_117347_cov_28.503052_63	-0.0808826648147492	-1.67565767202156	0.128914318455559	1	0.128914318455559	0.150315114404703	0.150315114404703	-1.364
NODE_652238_length_487_cov_2.650463_1	0.0801223293581443	1.64387879362007	0.135403935366897	1	0.135403935366897	0.157260476115097	0.157260476115097	1.43586
NODE_678356_length_232_cov_1.209040_1	-0.289059080683767	-6.55413130133451	0.000116280056762412	1	0.000116280056762412	0.000487890082634768	0.000487890082634768	-5.19035
NODE_69_length_110053_cov_36.937735_93	-0.324070797654935	-6.69618278250408	9.90948725830238e-05	1	9.90948725830238e-05	0.000449738267876801	0.000449738267876801	-5.61471
NODE_69_length_139239_cov_17.311135_41	0.207153001389261	3.72798336947976	0.00490778563298865	4	9.11853971707587e-06	7.27018707172266e-05	7.27018707172266e-05	4.00448916666667
NODE_695021_length_619_cov_2.588652_2	-0.268656703668591	-6.16459311266993	0.000182575547633119	1	0.000182575547633119	0.000664935636441605	0.000664935636441605	-4.67530333333334
NODE_7_length_153665_cov_15.420917_105	0.0744314585087315	1.59773304641573	0.145355927212863	1	0.145355927212863	0.167499994249197	0.167499994249197	1.28061666666667
NODE_70_length_110019_cov_15.608617_22	-0.168163548648697	-3.77004115823425	0.0046038054031124	1	0.0046038054031124	0.00808406305903665	0.00808406305903665	-2.88267666666666
NODE_70_length_110019_cov_15.608617_28	-0.158904404697039	-3.06433970978529	0.0138435299012779	1	0.0138435299012779	0.0194468634327475	0.0194468634327475	-2.86008666666667
NODE_70919_length_474_cov_1.439141_1	-0.210018168104576	-4.67892381556608	0.00122815403775879	1	0.00122815403775879	0.00276569039037285	0.00276569039037285	-3.72229666666667
NODE_721075_length_609_cov_1.658845_1	0.141291495152425	3.18281114988322	0.0114642520778423	1	0.0114642520778423	0.0170803933858414	0.0170803933858414	2.51693
NODE_72585_length_581_cov_2.547529_1	0.200451965056139	3.96195235947231	0.00344919180296015	1	0.00344919180296015	0.0064809654896385	0.0064809654896385	3.51627666666667
NODE_740168_length_225_cov_1.794118_1	0.169609867162733	3.71839036601122	0.00498004763552715	1	0.00498004763552715	0.00854136077023551	0.00854136077023551	3.06892666666667
NODE_746323_length_305_cov_1.152000_1	0.0496131916078368	1.13480223343345	0.286441069378644	1	0.286441069378644	0.316479833208614	0.316479833208614	0.934596666666668
NODE_746512_length_233_cov_1.949438_1	-0.34473192778224	-7.59711796789164	3.79032055122123e-05	1	3.79032055122123e-05	0.000231420896379727	0.000231420896379727	-6.19130666666667
NODE_75_length_101378_cov_26.619928_17	-0.235495317085279	-5.28845008328719	0.000541315892835202	11	1.15968195251416e-17	4.88723108559537e-16	4.88723108559537e-16	-4.26793818181818
NODE_75273_length_464_cov_1.545232_2	-0.284360818032972	-3.9271678566291	0.00363315923854429	1	0.00363315923854429	0.00669863734606603	0.00669863734606603	-5.17261333333333
NODE_7567_length_990_cov_2.365775_1	-0.30902186187899	-4.01821550414319	0.00317226902276523	1	0.00317226902276523	0.0060623682053222	0.0060623682053222	-5.81584666666667
NODE_76278_length_457_cov_2.388060_1	0.246903168686111	4.44931116998678	0.00169574013110056	1	0.00169574013110056	0.00370550621240492	0.00370550621240492	4.21065666666667
NODE_7736_length_3176_cov_3.322333_1	0.201245607967357	4.16112827075103	0.00256988695740233	1	0.00256988695740233	0.00505411101622459	0.00505411101622459	3.71545
NODE_78256_length_543_cov_2.163934_1	0.155427918625895	3.08629475592134	0.0133668051516214	1	0.0133668051516214	0.0190602200440945	0.0190602200440945	2.91034333333333
NODE_786077_length_449_cov_1.949239_1	0.0574074065644495	1.07744004534117	0.309950023233148	1	0.309950023233148	0.33864909945844	0.33864909945844	1.02187
NODE_78658_length_953_cov_29.283964_1	-0.168314919113391	-3.35845629720146	0.00869001114255945	1	0.00869001114255944	0.0134217449584033	0.0134217449584033	-3.13229
NODE_798729_length_579_cov_3.708015_1	0.301118449824063	6.91311440765705	7.79776378970836e-05	1	7.79776378970837e-05	0.000381224351056409	0.000381224351056409	5.28262666666667
NODE_80236_length_318_cov_1.467681_1	-0.210197748740302	-4.0154501806615	0.00318531210788116	1	0.00318531210788116	0.0060623682053222	0.0060623682053222	-3.63995333333333
NODE_812_length_33822_cov_6.741434_37	-0.260594354401183	-5.40068967521531	0.000468214692061283	1	0.000468214692061283	0.00131546032531503	0.00131546032531503	-4.65945
NODE_824_length_13977_cov_5.821003_15	-0.125353291000657	-1.94648455980045	0.0841909729963252	1	0.0841909729963252	0.0997443254374133	0.0997443254374133	-2.51527666666667
NODE_833370_length_291_cov_2.033898_1	-0.195558288623959	-4.24541314329739	0.00227283864022638	1	0.00227283864022638	0.00465616249213043	0.00465616249213043	-3.37615333333333
NODE_841681_length_441_cov_1.790155_1	-0.208018242135229	-4.36748713450257	0.00190587207181054	1	0.00190587207181054	0.00405416390810074	0.00405416390810074	-3.6969
NODE_842_length_13569_cov_63.198609_6	-0.209674821685615	-4.42889233403455	0.00174574280900743	1	0.00174574280900743	0.00378672153424405	0.00378672153424405	-3.87701333333333
NODE_8463_length_1634_cov_2.790374_2	-0.174356926140304	-3.90719188280402	0.00374349242175497	1	0.00374349242175497	0.00681685348405997	0.00681685348405997	-3.10175666666667
NODE_8517_length_4155_cov_2.485366_2	-0.165770497049402	-3.06827545748859	0.0137567947830146	1	0.0137567947830146	0.019417485459279	0.019417485459279	-2.96586666666667
NODE_853936_length_214_cov_1.012579_1	-0.0529368255970016	-1.12775094111569	0.289252553252471	1	0.289252553252471	0.318393668692085	0.318393668692085	-0.901403333333334
NODE_8596_length_1984_cov_3.481597_2	-0.216208214027578	-4.5691413175371	0.00143160669208743	1	0.00143160669208743	0.00317536822681046	0.00317536822681046	-3.79927666666667
NODE_8725_length_2842_cov_14.809473_5	0.267563907256133	4.53887319666034	0.00149386839928855	1	0.00149386839928855	0.00328874013276212	0.00328874013276212	4.93653333333333
NODE_88_length_88402_cov_66.529469_4	-0.125463004660352	-2.68334029619813	0.0255702507763338	1	0.0255702507763338	0.0339784863919751	0.0339784863919751	-2.13227333333333
NODE_88139_length_928_cov_2.009164_1	0.0874232286041782	1.60525341018923	0.143690283814296	1	0.143690283814296	0.166229936177323	0.166229936177323	1.62851333333333
NODE_88924_length_438_cov_3.584856_1	-0.31243955077302	-6.44001179978519	0.000132454063241709	1	0.000132454063241709	0.000535259570634304	0.000535259570634304	-5.59180666666666
NODE_905332_length_281_cov_1.787611_1	-0.243122957361776	-4.8688629753771	0.000945972274074894	1	0.000945972274074894	0.00228739197419749	0.00228739197419749	-4.18383666666667
NODE_92_length_86032_cov_31.048373_59	-0.244042158972976	-4.9680695155551	0.000827117287210858	19	1.37498984836441e-26	1.35207335089167e-24	1.35207335089167e-24	-4.51807052631579
NODE_93_length_85626_cov_14.768800_80	-0.325686286378222	-7.21792231691343	5.61880212248969e-05	1	5.61880212248969e-05	0.000306953078913788	0.000306953078913788	-5.65534333333333
NODE_936124_length_155_cov_5.360000_1	-0.190739290721046	-4.2953110554792	0.00211444479756363	1	0.00211444479756363	0.00437005087927442	0.00437005087927442	-3.34654
NODE_939751_length_214_cov_1.899371_1	-0.100568831974504	-1.99340697370005	0.0781141338399375	1	0.0781141338399375	0.0929320008636338	0.0929320008636338	-1.81012666666667
NODE_9467_length_1514_cov_3.630569_1	-0.195872775027393	-4.36588061463307	0.00191026706178306	1	0.00191026706178306	0.00405416390810074	0.00405416390810074	-3.39015666666667
NODE_95_length_83977_cov_30.953516_10	-0.237339221287327	-4.96850292205811	0.000826634845625077	3	2.04884578321526e-06	2.62786741760218e-05	2.62786741760218e-05	-3.92992888888889
NODE_96_length_40397_cov_17.936493_23	0.19302997734971	4.01848231200491	0.00317101358948176	3	3.01022103957354e-05	0.000197821785605995	0.000197821785605995	3.51581777777778
NODE_976_length_4120_cov_33.131119_2	-0.0945584499798035	-1.99331291577916	0.0781258854718007	1	0.0781258854718007	0.0929320008636338	0.0929320008636338	-1.61094666666667
NODE_978740_length_405_cov_2.434286_1	0.199708053752593	3.73111705527011	0.00488442095923116	4	9.01062582369504e-06	7.27018707172266e-05	7.27018707172266e-05	3.90633166666667
NODE_98011_length_301_cov_1.784553_1	0.104296960797557	2.25494087863353	0.0512561635253174	1	0.0512561635253174	0.0643428435743346	0.0643428435743346	2.10206
sp|E9Q7P9|CDHR2_MOUSE	0.11265364135806	2.58000860469469	0.0302373657843263	5	0.000264072257732356	0.000875295685742079	0.000875295685742079	3.23155933333333
sp|P01592|IGJ_MOUSE	0.00452930224488403	0.160931876007255	0.875783234988337	2	0.928511922590859	0.931670126409195	0.931670126409195	0.0861299999999989
sp|P12787|COX5A_MOUSE	0.178697823087999	3.77291696577126	0.00458376047356582	1	0.00458376047356581	0.00808406305903665	0.00808406305903665	2.99156333333334
sp|P30275|KCRU_MOUSE	-0.218238098093462	-3.53010070449062	0.00665065147398189	1	0.00665065147398189	0.0107209955454899	0.0107209955454899	-3.87754666666667
sp|Q11136|PEPD_MOUSE	0.106350164383556	2.28990469764935	0.0484326734983074	2	0.01782968053042	0.02469368899753	0.02469368899753	1.86794833333333
sp|Q3TTY5|K22E_MOUSE	-0.189553350308183	-3.37483616031133	0.0084697815561029	2	0.00131992900563407	0.00294984133834886	0.00294984133834886	-3.30361333333333
sp|Q3UV17|K22O_MOUSE	-0.239620455637623	-2.65871443430687	0.0266118096389851	1	0.0266118096389851	0.0352039634237695	0.0352039634237695	-4.76153666666666
sp|Q8K0C9|GMDS_MOUSE	-0.0787255763385787	-1.47504659099956	0.175078962568576	1	0.175078962568576	0.197886183746091	0.197886183746091	-1.50124666666667
sp|Q9CQ52|CEL3B_MOUSE	0.0448309689810804	0.910120147110017	0.387024042388754	4	0.313064282003278	0.340789532069989	0.340789532069989	0.959801666666666
sp|Q9CR35|CTRB1_MOUSE	0.0182209972636963	0.39244562970749	0.704070756768141	1	0.704070756768141	0.731341102980991	0.731341102980991	0.366856666666667
tr|A0A571BDS5|A0A571BDS5_MOUSE	0.174721137377151	2.91288444775601	0.0176479797349879	1	0.0176479797349879	0.0245573302916105	0.0245573302916105	3.09467
